rawdata/1.bmp 2 252 80 74 147 211 146 165 104
rawdata/10.bmp 2 167 51 113 315 107 182 336 254
rawdata/11.bmp 2 291 14 105 338 156 186 303 244
rawdata/2.bmp 2 144 62 83 146 122 113 151 106
rawdata/3.bmp 2 160 14 77 223 86 114 271 138
rawdata/4.bmp 2 183 4 118 324 67 167 395 217
rawdata/5.bmp 2 127 22 86 264 20 150 312 151
rawdata/6.bmp 2 199 18 172 368 61 198 434 238
rawdata/7.bmp 2 308 97 154 287 194 240 363 206
rawdata/8.bmp 2 130 28 98 264 43 165 285 143
rawdata/9.bmp 2 213 6 129 342 59 180 410 198
